543.883540 1.682678e+01 8.066548e-01
544.708868 1.677758e+01 7.152018e-01
545.534197 1.668653e+01 6.279706e-01
546.359525 1.655425e+01 5.565652e-01
547.184854 1.638612e+01 5.056308e-01
548.010182 1.619131e+01 4.704351e-01
548.835511 1.598094e+01 4.414162e-01
549.660839 1.576579e+01 4.118272e-01
550.486168 1.555390e+01 3.814348e-01
551.311496 1.534889e+01 3.545461e-01
552.136825 1.514972e+01 3.350499e-01
552.962153 1.495210e+01 3.228948e-01
553.787482 1.475120e+01 3.150615e-01
554.612810 1.454449e+01 3.089685e-01
555.438139 1.433347e+01 3.042382e-01
556.263467 1.412375e+01 3.019145e-01
557.088796 1.392370e+01 3.025737e-01
557.914124 1.374237e+01 3.048834e-01
558.739453 1.358738e+01 3.058214e-01
559.564781 1.346327e+01 3.026607e-01
560.390110 1.337050e+01 2.951610e-01
561.215438 1.330484e+01 2.860229e-01
562.040767 1.325714e+01 2.790224e-01
562.866095 1.321353e+01 2.764032e-01
563.691424 1.315673e+01 2.781359e-01
564.516752 1.306913e+01 2.833958e-01
565.342081 1.293761e+01 2.916590e-01
566.167409 1.275927e+01 3.018276e-01
566.992738 1.254586e+01 3.110309e-01
567.818066 1.232499e+01 3.153661e-01
568.643395 1.213661e+01 3.123360e-01
569.468723 1.202524e+01 3.029300e-01
570.294052 1.202957e+01 2.917961e-01
571.119380 1.217237e+01 2.852189e-01
571.944708 1.245354e+01 2.878855e-01
572.770037 1.284866e+01 3.006160e-01
573.595365 1.331325e+01 3.206392e-01
574.420694 1.379197e+01 3.434645e-01
575.246022 1.422980e+01 3.646978e-01
576.071351 1.458261e+01 3.813585e-01
576.896679 1.482406e+01 3.926473e-01
577.722008 1.494733e+01 3.998071e-01
578.547336 1.496160e+01 4.047804e-01
579.372665 1.488517e+01 4.082344e-01
580.197993 1.473815e+01 4.085709e-01
581.023322 1.453764e+01 4.029913e-01
581.848650 1.429642e+01 3.896295e-01
582.673979 1.402492e+01 3.689337e-01
583.499307 1.373426e+01 3.436337e-01
584.324636 1.343912e+01 3.178190e-01
585.149964 1.315902e+01 2.956946e-01
585.975293 1.291778e+01 2.802264e-01
586.800621 1.274115e+01 2.721490e-01
587.625950 1.265278e+01 2.700319e-01
588.451278 1.266948e+01 2.712011e-01
589.276607 1.279701e+01 2.727116e-01
590.101935 1.302749e+01 2.722591e-01
590.927264 1.333950e+01 2.691048e-01
591.752592 1.370081e+01 2.643869e-01
592.577921 1.407348e+01 2.602296e-01
593.403249 1.442027e+01 2.582018e-01
594.228578 1.471079e+01 2.585056e-01
595.053906 1.492575e+01 2.604654e-01
595.879235 1.505787e+01 2.634708e-01
596.704563 1.510964e+01 2.674272e-01
597.529892 1.508918e+01 2.726564e-01
598.355220 1.500640e+01 2.796302e-01
599.180548 1.487107e+01 2.886720e-01
600.005877 1.469269e+01 2.995197e-01
600.831205 1.448138e+01 3.108929e-01
601.656534 1.424779e+01 3.205592e-01
602.481862 1.400157e+01 3.261629e-01
603.307191 1.374909e+01 3.265429e-01
604.132519 1.349238e+01 3.231084e-01
604.957848 1.323097e+01 3.206787e-01
605.783176 1.296667e+01 3.263397e-01
606.608505 1.270864e+01 3.449936e-01
607.433833 1.247539e+01 3.745495e-01
608.259162 1.229120e+01 4.064177e-01
609.084490 1.217781e+01 4.305731e-01
609.909819 1.214507e+01 4.402705e-01
610.735147 1.218552e+01 4.344675e-01
611.560476 1.227574e+01 4.179466e-01
612.385804 1.238379e+01 3.988241e-01
613.211133 1.247923e+01 3.836066e-01
614.036461 1.254118e+01 3.728510e-01
614.861790 1.256163e+01 3.620344e-01
615.687118 1.254400e+01 3.471263e-01
616.512447 1.249874e+01 3.294700e-01
617.337775 1.243854e+01 3.166254e-01
618.163104 1.237480e+01 3.189654e-01
618.988432 1.231593e+01 3.442827e-01
619.813761 1.226720e+01 3.959648e-01
620.639089 1.223137e+01 4.760109e-01
621.464418 1.220945e+01 5.863432e-01
622.289746 1.220115e+01 7.262834e-01
623.115075 1.220515e+01 8.905164e-01
623.940403 1.221928e+01 1.070063e+00
624.765732 1.224088e+01 1.255025e+00
625.591060 1.226726e+01 1.437070e+00
