494.651150 1.925029e+00 2.560696e-01
496.018417 1.929538e+00 2.433272e-01
497.385683 1.934134e+00 2.295002e-01
498.752950 1.938820e+00 2.143662e-01
500.120217 1.943598e+00 1.976111e-01
501.487483 1.948468e+00 1.787636e-01
502.854750 1.953434e+00 1.570534e-01
504.222017 1.958496e+00 1.310421e-01
505.589283 1.963657e+00 9.730794e-02
506.956550 1.938118e+00 1.015543e-01
508.323817 1.902404e+00 1.076998e-01
509.691083 1.866767e+00 1.004236e-01
511.058350 1.832537e+00 8.143222e-02
512.425617 1.813848e+00 1.012648e-01
513.792883 1.795204e+00 1.045722e-01
515.160150 1.776598e+00 9.313847e-02
516.527417 1.775842e+00 9.596051e-02
517.894683 1.792458e+00 1.135393e-01
519.261950 1.809111e+00 1.196230e-01
520.629217 1.825807e+00 1.160431e-01
521.996483 1.842552e+00 1.017788e-01
523.363750 1.854552e+00 8.945459e-02
524.731017 1.853296e+00 1.074232e-01
526.098283 1.852100e+00 1.117207e-01
527.465550 1.850962e+00 1.040615e-01
528.832817 1.849883e+00 8.111226e-02
530.200083 1.844414e+00 1.007263e-01
531.567350 1.838812e+00 1.062293e-01
532.934617 1.833264e+00 9.772610e-02
534.301883 1.832891e+00 9.184503e-02
535.669150 1.843973e+00 1.126579e-01
537.036417 1.855111e+00 1.216118e-01
538.403683 1.866303e+00 1.213732e-01
539.770950 1.877514e+00 1.118853e-01
541.138217 1.888545e+00 9.027624e-02
542.505483 1.869563e+00 6.686183e-02
543.872750 1.838595e+00 6.313484e-02
545.240017 1.804390e+00 7.793199e-02
546.607283 1.755140e+00 6.529088e-02
547.974550 1.717725e+00 5.748548e-02
549.341817 1.720071e+00 6.357336e-02
550.709083 1.687825e+00 5.880100e-02
552.076350 1.651663e+00 6.099643e-02
553.443617 1.611089e+00 6.245325e-02
554.810883 1.579066e+00 6.806931e-02
556.178150 1.554967e+00 7.003870e-02
557.545417 1.550052e+00 6.050364e-02
558.912683 1.553182e+00 5.432220e-02
560.279950 1.549394e+00 5.808992e-02
561.647217 1.576432e+00 5.725936e-02
563.014483 1.549364e+00 5.989888e-02
564.381750 1.474938e+00 7.064120e-02
565.749017 1.404207e+00 6.873835e-02
567.116283 1.351325e+00 5.762417e-02
568.483550 1.396477e+00 5.743269e-02
569.850817 1.534064e+00 5.525335e-02
571.218083 1.639314e+00 6.459302e-02
572.585350 1.748268e+00 6.495308e-02
573.952617 1.766007e+00 7.067863e-02
575.319883 1.723251e+00 6.430975e-02
576.687150 1.698900e+00 7.442866e-02
578.054417 1.677280e+00 7.647047e-02
579.421683 1.633453e+00 7.285321e-02
580.788950 1.577654e+00 6.801227e-02
582.156217 1.524842e+00 5.858830e-02
583.523483 1.466283e+00 5.749979e-02
584.890750 1.430158e+00 5.516433e-02
586.258017 1.472467e+00 6.201106e-02
587.625283 1.533937e+00 5.764712e-02
588.992550 1.620022e+00 5.610210e-02
590.359817 1.719904e+00 5.763343e-02
591.727083 1.748377e+00 5.442556e-02
593.094350 1.740409e+00 5.732877e-02
594.461617 1.731156e+00 5.699235e-02
595.828883 1.714675e+00 5.594451e-02
597.196150 1.689490e+00 6.004765e-02
598.563417 1.631669e+00 6.672655e-02
599.930683 1.579141e+00 6.193089e-02
601.297950 1.568157e+00 6.383102e-02
602.665217 1.561862e+00 5.555927e-02
604.032483 1.479142e+00 6.388110e-02
605.399750 1.390823e+00 7.810448e-02
606.767017 1.395552e+00 8.123585e-02
608.134283 1.472428e+00 7.176469e-02
609.501550 1.525429e+00 6.104900e-02
610.868817 1.516951e+00 7.310080e-02
612.236083 1.505206e+00 7.277634e-02
613.603350 1.484502e+00 5.841981e-02
614.970617 1.469396e+00 5.753580e-02
616.337883 1.466155e+00 6.060739e-02
617.705150 1.460139e+00 6.985438e-02
619.072417 1.454838e+00 7.243480e-02
620.439683 1.462696e+00 1.136498e-01
621.806950 1.467972e+00 1.430932e-01
623.174217 1.472458e+00 1.669335e-01
624.541483 1.476710e+00 1.872614e-01
625.908750 1.480856e+00 2.051201e-01
627.276017 1.484921e+00 2.211189e-01
628.643283 1.488907e+00 2.356484e-01
630.010550 1.492818e+00 2.489771e-01
