497.370010 2.816008 0.286606
498.531815 2.817245 0.269359
499.693620 2.818485 0.250870
500.855425 2.819729 0.230841
502.017229 2.820977 0.208830
503.179034 2.822228 0.184126
504.340839 2.823482 0.155452
505.502644 2.824740 0.119993
506.664449 2.826001 0.067833
507.826254 2.784469 0.090965
508.988058 2.728674 0.118455
510.149863 2.672881 0.130503
511.311668 2.617091 0.131428
512.473473 2.561303 0.121484
513.635278 2.505517 0.097397
514.797083 2.449925 0.041199
515.958888 2.409315 0.099352
517.120692 2.368705 0.124907
518.282497 2.328095 0.137444
519.444302 2.287484 0.140490
520.606107 2.246873 0.134694
521.767912 2.206261 0.118765
522.929717 2.165648 0.087324
524.091522 2.121726 0.042269
525.253326 2.081453 0.049716
526.415131 2.062424 0.057439
527.576936 2.093583 0.050720
528.738741 2.051342 0.035635
529.900546 2.053863 0.038991
531.062351 2.084455 0.063041
532.224155 2.078540 0.044280
533.385960 2.087287 0.047789
534.547765 2.051931 0.072215
535.709570 2.005218 0.080989
536.871375 1.959603 0.034629
538.033180 1.977553 0.067387
539.194985 2.031926 0.046244
540.356789 2.158548 0.048706
541.518594 2.198600 0.068286
542.680399 2.151832 0.081843
543.842204 2.105063 0.041126
545.004009 2.052214 0.033741
546.165814 2.021862 0.044116
547.327618 1.929780 0.047605
548.489423 1.810637 0.038844
549.651228 1.754238 0.076659
550.813033 1.712014 0.078552
551.974838 1.668100 0.041035
553.136643 1.627201 0.041647
554.298448 1.621491 0.049076
555.460252 1.576426 0.062092
556.622057 1.578655 0.046230
557.783862 1.602417 0.065954
558.945667 1.612896 0.039362
560.107472 1.617202 0.042319
561.269277 1.711649 0.052412
562.431082 1.793479 0.074450
563.592886 1.838177 0.102607
564.754691 1.882871 0.106422
565.916496 1.927561 0.089078
567.078301 1.969308 0.049231
568.240106 2.044295 0.044513
569.401911 2.218877 0.050331
570.563715 2.451154 0.047325
571.725520 2.509809 0.033114
572.887325 2.579760 0.048479
574.049130 2.556041 0.048623
575.210935 2.447757 0.055776
576.372740 2.443031 0.049466
577.534545 2.464677 0.049697
578.696349 2.482912 0.044907
579.858154 2.580709 0.049472
581.019959 2.669187 0.047233
582.181764 2.676840 0.054717
583.343569 2.721104 0.051992
584.505374 2.783978 0.047380
585.667178 2.809992 0.040335
586.828983 2.816042 0.047825
587.990788 2.781155 0.058737
589.152593 2.674018 0.065303
590.314398 2.567439 0.060185
591.476203 2.531866 0.069854
592.638008 2.550975 0.041130
593.799812 2.505557 0.088708
594.961617 2.459166 0.095383
596.123422 2.757026 0.196279
597.285227 2.668878 0.189614
598.447032 2.606176 0.190024
599.608837 2.530843 0.202222
600.770642 2.445937 0.207054
601.932446 2.361028 0.199355
603.094251 2.297636 0.191886
604.256056 2.298798 0.218858
605.417861 2.299956 0.242784
606.579666 2.301112 0.264492
607.741471 2.302264 0.284490
608.903275 2.303414 0.303116
610.065080 2.304560 0.320611
611.226885 2.305703 0.337151
612.388690 2.306842 0.352870
