0.000000 3.619606e-03 2.671074e-05 1.192917e-01
0.101010 4.702336e-03 4.633137e-05 1.261850e-01
0.202020 6.060116e-03 7.899491e-05 1.332684e-01
0.303030 7.747472e-03 1.323861e-04 1.405334e-01
0.404040 9.825358e-03 2.180667e-04 1.479712e-01
0.505051 1.236073e-02 3.530396e-04 1.555731e-01
0.606061 1.542574e-02 5.617272e-04 1.633305e-01
0.707071 1.909644e-02 8.783623e-04 1.712354e-01
0.808081 2.345109e-02 1.349715e-03 1.792808e-01
0.909091 2.856781e-02 2.037982e-03 1.874614e-01
1.010101 3.452182e-02 3.023514e-03 1.957742e-01
1.111111 4.138214e-02 4.406902e-03 2.042196e-01
1.212121 4.920784e-02 6.309750e-03 2.128023e-01
1.313131 5.804403e-02 8.873308e-03 2.215329e-01
1.414141 6.791765e-02 1.225400e-02 2.304295e-01
1.515152 7.883323e-02 1.661492e-02 2.395199e-01
1.616162 9.076900e-02 2.211254e-02 2.488436e-01
1.717172 1.036734e-01 2.887833e-02 2.584542e-01
1.818182 1.174623e-01 3.699577e-02 2.684216e-01
1.919192 1.320173e-01 4.647464e-02 2.788323e-01
2.020202 1.471854e-01 5.722615e-02 2.897875e-01
2.121212 1.627795e-01 6.904458e-02 3.013952e-01
2.222222 1.785814e-01 8.160314e-02 3.137543e-01
2.323232 1.943453e-01 9.447161e-02 3.269270e-01
2.424242 2.098038e-01 1.071597e-01 3.409009e-01
2.525253 2.246745e-01 1.191807e-01 3.555456e-01
2.626263 2.386689e-01 1.301194e-01 3.705793e-01
2.727273 2.515008e-01 1.396810e-01 3.855593e-01
2.828283 2.628964e-01 1.477056e-01 3.999067e-01
2.929293 2.726035e-01 1.541500e-01 4.129616e-01
3.030303 2.804014e-01 1.590485e-01 4.240548e-01
3.131313 2.861086e-01 1.624711e-01 4.325816e-01
3.232323 2.895903e-01 1.644901e-01 4.380647e-01
3.333333 2.907635e-01 1.651569e-01 4.402015e-01
3.434343 2.896002e-01 1.644901e-01 4.388929e-01
3.535354 2.861288e-01 1.624711e-01 4.342531e-01
3.636364 2.804328e-01 1.590485e-01 4.265995e-01
3.737374 2.726475e-01 1.541501e-01 4.164250e-01
3.838384 2.629548e-01 1.477057e-01 4.043501e-01
3.939394 2.515761e-01 1.396810e-01 3.910600e-01
4.040404 2.387637e-01 1.301195e-01 3.772313e-01
4.141414 2.247921e-01 1.191808e-01 3.634598e-01
4.242424 2.099479e-01 1.071598e-01 3.502052e-01
4.343434 1.945201e-01 9.447182e-02 3.377662e-01
4.444444 1.787913e-01 8.160342e-02 3.262895e-01
4.545455 1.630294e-01 6.904493e-02 3.158027e-01
4.646465 1.474804e-01 5.722658e-02 3.062568e-01
4.747475 1.323626e-01 4.647517e-02 2.975634e-01
4.848485 1.178632e-01 3.699640e-02 2.896215e-01
4.949495 1.041351e-01 2.887908e-02 2.823321e-01
5.050505 9.129638e-02 2.211343e-02 2.756049e-01
5.151515 7.943079e-02 1.661594e-02 2.693598e-01
5.252525 6.858927e-02 1.225517e-02 2.635250e-01
5.353535 5.879284e-02 8.874635e-03 2.580344e-01
5.454545 5.003599e-02 6.311236e-03 2.528249e-01
5.555556 4.229069e-02 4.408547e-03 2.478342e-01
5.656566 3.551057e-02 3.025318e-03 2.429991e-01
5.757576 2.963521e-02 2.039941e-03 2.382547e-01
5.858586 2.459415e-02 1.351821e-03 2.335347e-01
5.959596 2.031070e-02 8.806050e-04 2.287719e-01
6.060606 1.670527e-02 5.640947e-04 2.239000e-01
6.161616 1.369824e-02 3.555170e-04 2.188556e-01
6.262626 1.121225e-02 2.206371e-04 2.135804e-01
6.363636 9.174025e-03 1.350307e-04 2.080240e-01
6.464646 7.515696e-03 8.169363e-05 2.021458e-01
6.565657 6.175616e-03 4.906296e-05 1.959178e-01
6.666667 5.098839e-03 2.945336e-05 1.893254e-01
6.767677 4.237231e-03 1.786889e-05 1.823693e-01
6.868687 3.549331e-03 1.113176e-05 1.750649e-01
6.969697 3.000008e-03 7.263394e-06 1.674426e-01
7.070707 2.559970e-03 5.057670e-06 1.595459e-01
7.171717 2.205194e-03 3.794687e-06 1.514296e-01
7.272727 1.916298e-03 3.053859e-06 1.431578e-01
7.373737 1.677917e-03 2.594867e-06 1.348004e-01
7.474747 1.478082e-03 2.283669e-06 1.264309e-01
7.575758 1.307649e-03 2.047576e-06 1.181226e-01
7.676768 1.159770e-03 1.848584e-06 1.099464e-01
7.777778 1.029427e-03 1.667872e-06 1.019683e-01
7.878788 9.130247e-04 1.496980e-06 9.424736e-02
7.979798 8.080492e-04 1.332878e-06 8.683404e-02
8.080808 7.127807e-04 1.175241e-06 7.976962e-02
8.181818 6.260636e-04 1.024981e-06 7.308561e-02
8.282828 5.471245e-04 8.834408e-07 6.680385e-02
8.383838 4.754330e-04 7.519705e-07 6.093698e-02
8.484848 4.105984e-04 6.316969e-07 5.548919e-02
8.585859 3.522973e-04 5.234106e-07 5.045724e-02
8.686869 3.002247e-04 4.275185e-07 4.583154e-02
8.787879 2.540652e-04 3.440408e-07 4.159732e-02
8.888889 2.134778e-04 2.726376e-07 3.773579e-02
8.989899 1.780919e-04 2.126574e-07 3.422521e-02
9.090909 1.475096e-04 1.632011e-07 3.104190e-02
9.191919 1.213133e-04 1.231930e-07 2.816105e-02
9.292929 9.907488e-05 9.145528e-08 2.555754e-02
9.393939 8.036587e-05 6.677706e-08 2.320647e-02
9.494949 6.476714e-05 4.797601e-08 2.108371e-02
9.595960 5.187726e-05 3.394698e-08 1.916629e-02
9.696970 4.131935e-05 2.369675e-08 1.743263e-02
9.797980 3.274605e-05 1.636457e-08 1.586278e-02
9.898990 2.584273e-05 1.122952e-08 1.443854e-02
10.000000 2.032903e-05 7.707299e-09 1.314351e-02
